17
103 32
217 1891 4819 2291 2987 3811 1739 2491 4717 445 65 1079 8383 5353 901 187 649 1003 697 3239 7663 291 123 779 1007 3551 1943 2117 1679 989 3053 355 25 25 15 15 305 4819 4819 4819 4819 4819 4819 4819 4819 4819 4819 4819 4819 4819 4819 4819 4819 4819 4819 4819 4819 4819 4819 4819 4819 4819 4819 4819 4819 4819 4819 4819 4819 4819 4819 4819 4819 4819 4819 4819 4819 4819
10000 25
3292937 175597 18779 50429 375469 1651121 2102 3722 2376497 611683 489059 2328901 3150061 829981 421301 76409 38477 291931 730241 959821 1664197 3057407 4267589 4729181 5335543 3691241 3020663 3020663 3020663 3946 4 4822 4822 4822 4822 4822 4822 4822
0 0
3292937 175597 18779 50429 375469 1651121 2102 3722 2376497 611683 489059 2328901 3150061 829981 421301 76409 38477 291931 730241 959821 1664197 3057407 4267589 4729181 5335543
2500 34
1118461 143639 365909 3020663 1383073 9113 11479 6181 10997 2006167 2728949 2322919 383711 450781 2826001 1830151 1631671 2073623 1451431 2304889 2131313 2550169 477283 375469 2923631 1118461 143639 244019 2042 4822 5499491 481291 269447 611683
0 0
3599 177 51 1649 1649 1513 623 203 2117 1241 901 5353 7979 6557 3569 989 161 119 323 1349 5183 4891 4757 5609 869 143 949 7373 1717 1411 1411 391 1081 799 391 1909 913 77 511 4891 1541 253 209 323 85 115 437 323 323 209 121 869 1343 1343 1501 1501 1501 1501 869 869 5767 803 143 1027 5767 803 869 1343 697 3239 1501 1577 8383 7979 1817 1679 803 55 95 1957 7519 2263 1147
0 0
217 1891 4819 2291 2987 3811 1739 2491 4717 445 65 1079 8383 5353 901 187 649 1003 697 3239 7663 291 123 779 1007 3551 1943 2117 1679 989 3053
0 0
3599 118 34 1649 1649 1513 623 203 2117 1241 901 5353 7979 6557 3569 989 161 119 323 1349 5183 4891 4757 5609 869 143 949 7373 1717 1411 1411 391 1081 799 391 1909 913 77 511 4891 1541 253 209 323 85 115 437 323 323 209 121 869 1343 1343 1501 1501 1501 1501 869 869 5767 803 143 1027 5767 803 869 1343 697 3239 1501 1577 8383 7979 1817 1679 803 55 95 1957 7519 2263 1147
0 0
3599 3481 1711 2117 7373 7979 2923 407 869 869 869 869 869 869 869 5609 2201 3131 7171 3337 893 323 1207 5183 949 26 22 517 4559 1843 323 1649 1843 323 901 3127 4897 2573 403 949 4891 5963 623 91 923 5041 781 187 1751 1133 781 142 122 4087 5963 178 34 187 1133 9991 4171 989 161 287 1189 2117 5767 869 55 85 1649 679 14 34 1649 1649 1513 623 203 2117 1241 901 5353 7979 6557 3569 989 161 119 323 1349 5183 4891 4757 5609 869 143 949 7373 1717 1411 1411 391 1081 799 391 1909 913 77 511 4891 1541 253 209 323 85 115 437 323 323 209 121 869 1343 1343 1501 1501 1501 1501 869 869 5767 803 143 1027 5767 803 869 1343 697 3239 1501 1577 8383 7979 1817 1679 803 55 95 1957 7519 2263 1147
0 0
3599 3481 1711 2117 7373 7979 2923 407 869 869 869 869 869 869 869 5609 2201 3131 7171 3337 893 323 1207 5183 949 26 22 517 4559 1843 323 1649 1843 323 901 3127 4897 2573 403 949 4891 5963 623 91 923 5041 781 187 1751 1133 781 142 122 4087 5963 178 34 187 1133 9991 4171 989 161 287 1189 2117 5767 869 55 85 1649 679 14 34 1649 1649 1513 623 203 2117 1241 901 5353 7979 6557 3569 989 161 119 323 1349 5183 4891 4757 5609 869 143 949 7373 1717 1411 1411 391 1081 799 391 1909 913 77 511 4891 1541 253 209 323 85 115 437 323 323 209 121 869 1343 1343 1501 1501 1501 1501 869 869 5767 803 143 1027 5767 803 869 1343 697 3239 1501 1577 8383 7979 1817 1679 803 55 95 1957 7519 2263 1147 3811 10609 6283 3721 3721 5429 7921 5251 2183 1739 2209 2209 2021 1333 2449 1343 1343 1343 1343 4819 4819 4819 4819
0 0
3599 3481 1711 2117 7373 7979 2923 407 869 869 869 869 869 869 869 5609 2201 3131 7171 3337 893 323 1207 5183 949 26 22 517 4559 1843 323 1649 1843 323 901 3127 4897 2573 403 949 4891 5963 623 91 923 5041 781 187 40987 26521 781 142 122 4087 5963 178 34 187 26521 233867 4171 989 161 287 1189 2117 5767 869 55 85 1649 679 14 34 1649 1649 1513 623 203 2117 1241 901 5353 7979 6557 3569 989 161 119 323 1349 5183 4891 4757 5609 869 143 949 7373 1717 1411 1411 391 1081 799 391 1909 913 77 511 4891 1541 253 209 323 85 115 437 323 323 209 121 869 1343 1343 1501 1501 1501 1501 869 869 5767 803 143 1027 5767 803 869 1343 697 3239 1501 1577 8383 7979 1817 1679 803 55 95 45809 176003 2263 1147 89207 5812921 147071 3721 3721 5429 7921 5251 2183 1739 2209 2209 2021 1333 2449 1343 1343 1343 1343 4819 4819 4819 4819
0 0
3599 3481 1711 2117 7373 7979 2923 407 869 869 869 869 869 869 869 5609 2201 3131 7171 3337 893 323 1207 5183 949 26 22 517 4559 1843 323 1649 1843 323 901 3127 4897 2573 403 949 4891 5963 623 91 923 5041 781 187 169541 109703 781 142 122 4087 5963 178 34 187 109703 967381 4171 989 161 287 1189 2117 5767 869 55 85 1649 679 14 34 1649 1649 1513 623 203 2117 1241 901 5353 7979 6557 3569 989 161 119 323 1349 5183 4891 4757 5609 869 143 949 7373 1717 1411 1411 391 1081 799 391 1909 913 77 511 4891 1541 253 209 323 85 115 437 323 323 209 121 869 1343 1343 1501 1501 1501 1501 869 869 5767 803 143 1027 5767 803 869 1343 697 3239 1501 1577 8383 7979 1817 1679 803 55 95 189487 728029 2263 1147 369001 99460729 608353 3721 3721 5429 7921 5251 2183 1739 2209 2209 2021 1333 2449 1343 1343 1343 1343 4819 4819 4819 4819
0 0
3599 3481 1711 2117 498809 539807 2923 407 869 869 869 869 869 869 869 5609 2201 211823 485143 3337 893 323 1207 5183 949 26 22 517 320963 129751 323 116093 129751 323 901 3127 4897 2573 403 949 4891 222641 23261 91 923 5041 781 187 169541 109703 781 142 122 4087 222641 6646 34 187 109703 68105617 293647 989 161 287 1189 2117 5767 869 55 85 116093 47803 14 34 116093 116093 56491 23261 203 2117 1241 901 362149 539807 6557 3569 989 161 119 323 1349 5183 4891 4757 5609 869 143 949 498809 116161 1411 1411 391 1081 799 391 1909 913 77 511 4891 1541 253 209 323 85 115 437 323 323 209 121 869 1343 1343 1501 1501 1501 1501 869 869 5767 803 143 1027 5767 803 869 1343 697 3239 1501 1577 567139 539807 1817 1679 803 55 95 189487 728029 2263 1147 369001 99460729 608353 3721 3721 202703 11042329 196057 2183 1739 2209 2209 2021 1333 2449 1343 1343 1343 1343 4819 4819 4819 4819
0 0
99460729 608353 4819 4819 4819 787867 787867 787867 787867 869 737 668191 129649 129649 33140279 156181 468731 608353 3599 3481 1711 2117 498809 539807 2923 407 869 869 869 869 869 869 869 5609 2201 211823 485143 3337 893 323 1207 5183 949 39 33 517 320963 129751 323 116093 129751 323 901 3127 4897 2573 403 949 4891 222641 23261 91 923 5041 781 187 169541 109703 781 213 183 4087 222641 9969 51 187 109703 68105617 293647 989 161 287 1189 2117 5767 869 55 85 116093 47803 21 51 116093 116093 56491 23261 203 2117 1241 901 362149 539807 6557 3569 989 161 119 323 1349 5183 4891 4757 5609 869 143 949 498809 116161 1411 1411 391 1081 799 391 1909 913 77 511 4891 1541 253 209 323 85 115 437 323 323 209 121 869 1343 1343 1501 1501 1501 1501 869 869 5767 803 143 1027 5767 803 869 1343 697 3239 1501 1577 567139 539807 1817 1679 803 55 95 189487 728029 2263 1147 369001 99460729 608353 3721 3721 202703 11042329 196057 2183 1739 2209 2209 2021 1333 2449 1343 1343 1343 1343 4819 4819 4819 4819
0 0
99460729 98603051 98168023 98168023 98168023 99021917 99021917 99021917 99021917 97175123 96901087 98742673 97645643 97645643 99141593 98008319 98323807 98603051 97713221 97673689 97140007 97533167 98902541 98962343 97691431 96294293 97175123 97175123 97175123 97175123 97175123 97175123 97175123 98366603 97415531 98005511 98743069 97673113 96726649 96177233 97118321 98307161 97156093 95628697 95589629 96490033 98087191 97609639 96177233 97530047 97609639 96177233 96765413 97555093 98148073 97651523 96274903 97156093 98247623 98425841 97232921 95765771 96999437 98148649 96959809 95941961 97765319 97605751 96959809 96761669 96566329 97891187 98425841 97093747 95745901 95941961 97605751 99221377 98067293 96766169 96020077 96352631 96825479 97533167 98525467 97175123 95609203 95765507 97530047 97311169 95531027 95745901 97530047 97530047 97451623 97232921 96137449 97533167 97275169 96765413 98384257 98962343 98604899 97889867 96766169 96020077 95883143 96177233 97197577 98307161 98247623 98089207 98366603 97175123 95824517 97156093 98902541 97706501 97353593 97353593 96236051 96785803 96647777 96236051 97492627 97194697 95726647 97056863 98247623 97198117 96078979 96020257 96177233 95765507 95902273 96314587 96177233 96177233 96020257 95785369 97175123 97333987 97333987 97413419 97413419 97413419 97413419 97175123 97175123 98525467 97116401 95824517 97214839 98525467 97116401 97175123 97333987 96569353 97810579 97413419 97433041 98982277 98962343 97472993 97414091 97116401 95609203 95843659 97845103 98962079 97572859 96746887 98124347 99460729 98603051 97752769 97752769 98286667 98823481 98246903 97238837 97002701 97199881 97199881 97180163 96923881 97631857 97333987 97333987 97333987 97333987 98168023 98168023 98168023 98168023
0 0
99460729 98603051 98168023 98168023 98168023 99021917 99021917 99021917 99021917 97175123 96901087 98742673 97645643 97645643 99141593 98008319 98323807 98603051 97713221 97673689 97140007 97533167 98902541 98962343 97691431 96294293 97175123 97175123 97175123 97175123 97175123 97175123 97175123 98366603 97415531 98005511 98743069 97673113 96726649 96177233 97118321 98307161 97156093 19582 19574 96490033 98087191 97609639 96177233 97530047 97609639 96177233 96765413 97555093 98148073 97651523 96274903 97156093 98247623 98425841 97232921 95765771 96999437 98148649 96959809 95941961 97765319 97605751 96959809 19814 19774 97891187 98425841 19882 19606 95941961 97605751 99221377 98067293 96766169 96020077 96352631 96825479 97533167 98525467 97175123 95609203 95765507 97530047 97311169 19562 19606 97530047 97530047 97451623 97232921 96137449 97533167 97275169 96765413 98384257 98962343 98604899 97889867 96766169 96020077 95883143 96177233 97197577 98307161 98247623 98089207 98366603 97175123 95824517 97156093 98902541 97706501 97353593 97353593 96236051 96785803 96647777 96236051 97492627 97194697 95726647 97056863 98247623 97198117 96078979 96020257 96177233 95765507 95902273 96314587 96177233 96177233 96020257 95785369 97175123 97333987 97333987 97413419 97413419 97413419 97413419 97175123 97175123 98525467 97116401 95824517 97214839 98525467 97116401 97175123 97333987 96569353 97810579 97413419 97433041 98982277 98962343 97472993 97414091 97116401 95609203 95843659 97845103 98962079 97572859 96746887 98124347 99460729 98603051 97752769 97752769 98286667 98823481 98246903 97238837 97002701 97199881 97199881 97180163 96923881 97631857 97333987 97333987 97333987 97333987 98168023 98168023 98168023 98168023
0 0
99460729 98603051 98168023 98168023 98168023 99021917 99021917 99021917 99021917 97175123 96901087 98742673 97645643 97645643 99141593 98008319 98323807 98603051 97713221 97673689 97140007 97533167 98902541 98962343 97691431 96294293 97175123 97175123 97175123 97175123 97175123 97175123 97175123 98366603 97415531 98005511 98743069 97673113 96726649 96177233 97118321 98307161 97156093 107701 107657 96490033 98087191 97609639 96177233 97530047 97609639 96177233 96765413 97555093 98148073 97651523 96274903 97156093 98247623 98425841 97232921 95765771 96999437 98148649 96959809 95941961 97765319 97605751 96959809 108977 108757 97891187 98425841 109351 107833 95941961 97605751 99221377 98067293 96766169 96020077 96352631 96825479 97533167 98525467 97175123 95609203 95765507 97530047 97311169 107591 107833 97530047 97530047 97451623 97232921 96137449 97533167 97275169 96765413 98384257 98962343 98604899 97889867 96766169 96020077 95883143 96177233 97197577 98307161 98247623 98089207 98366603 97175123 95824517 97156093 98902541 97706501 97353593 97353593 96236051 96785803 96647777 96236051 97492627 97194697 95726647 97056863 98247623 97198117 96078979 96020257 96177233 95765507 95902273 96314587 96177233 96177233 96020257 95785369 97175123 97333987 97333987 97413419 97413419 97413419 97413419 97175123 97175123 98525467 97116401 95824517 97214839 98525467 97116401 97175123 97333987 96569353 97810579 97413419 97433041 98982277 98962343 97472993 97414091 97116401 95609203 95843659 97845103 98962079 97572859 96746887 98124347 99460729 98603051 97752769 97752769 98286667 98823481 98246903 97238837 97002701 97199881 97199881 97180163 96923881 97631857 97333987 97333987 97333987 97333987 98168023 98168023 98168023 98168023
0 0
97318189 97830857 97414091 96118247 95765771 96548251 96607477 95824517 96274903 19666 19714 97811011 97156093 19582 19714 97988437 97332331 95863681 96529469 96943547 97061543 98384257 98743069 96999437 96529469 96490033 96196423 96904111 96726649 96059501 19582 19562 96020077 96903607 97949933 97414091 96118247 96940691 97851583 19766 19718 96726649 97138711 19802 19714 97653299 98485487 97590797 96491293 96137449 96020077 19634 19802 96940691 96764453 97021411 97198117 19802 19814 96999437 96999437 98307161 97414091 19634 19846 98525467 98366603 96999437 95863681 19582 19562 96020077 96707267 96451141 97156093 98465929 97156093 96940691 97732771 96765413 97275169 97414091 96118247 95863681 96529469 96726649 96648161 96825479 97375903 97257019 19634 19702 97357433 97021411 19634 19538 95648279 97156093 19846 19846 97751473 96451141 19582 19814 98307161 97949933 97318189 96430879 95765771 96646961 97318189 96529469 95765771 96548251 97298447 97160449 97298447 97318189 96529469 97410659 19898 19714 97416731 97357433 96451141 96646961 96765413 19606 19766 19766 19718 96726649 97138711 19802 19714 96884453 97375903 98307161 97414091 96118247 96803617 98168023 97592141 96137449 96235259 96117191 96722869 97732771 98127611 98008319 96647777 96765413 98206579 97828517 97631857 97870153 97416731 97910881 97791997 98028901 97234421 96940691 98247623 97414091 96118247 96451141 19702 19946 99400891 97547029 96607477 96844381 97197577 97791997 97298447 96509887 97156093 97533167 96884453 96509887 96999437 97791997 98009159 98307029 97851583 19766 19718 96726649 97138711 19802 19714 97653299 96900367 96548251 97318189 97830857 19846 19658 96904111 96430879 96548251 97318189 96647777 96353687 96196423 95824517 96529469 97830857 97533167 19658 19702 96825479 96904111 96647777 96765413 97732771 97594157 19714 19846 97533167 97022059 97318189 96647777 96765413 97732771 96940691 97410659 19898 19714 97416731 97357433 96451141 95765771 96176573 97218871 98168023 97592141 98024617 98124347 97002701 97318189 98127611 97113629 95648279 97234421 98982277 98384257 96765413 95941961 96724921 96883049 96569353 97810579 98783621 19898 19702 96648161 96844381 97732771 97316929 97533167 97414091 96766169 97653299 98148649 97791997 98127611 97332331 96529469 96529469 95863681 95824517 97116401 97949933 97120769 96333649 95863681 96764453 98069009 97414091 96118247 96509887 97653299 96999437 95765771 97115549 98307029 96940691
